1.02111	0.000271789
1.02111	0.000543579
1.02111	0.000815368
1.02111	0.00108716
1.02111	0.00135895
1.02111	0.00163074
1.02111	0.00190253
1.02111	0.00217431
1.02111	0.0024461
1.02111	0.00271789
1.02111	0.00298968
1.02111	0.00326147
1.02111	0.00353326
1.02111	0.00380504
1.0211	0.00407683
1.0211	0.00434862
1.0211	0.0046204
1.0211	0.00489219
1.0211	0.00516398
1.0211	0.00543576
1.0211	0.00570755
1.02109	0.00597933
1.02109	0.00625112
1.02109	0.0065229
1.02109	0.00679469
1.02109	0.00706647
1.02109	0.00733825
1.02108	0.00761003
1.02108	0.00788182
1.02108	0.0081536
1.02108	0.00842538
1.02108	0.00869716
1.02107	0.00896894
1.02107	0.00924072
1.02107	0.00951249
1.02107	0.00978427
1.02106	0.010056
1.02106	0.0103278
1.02106	0.0105996
1.02105	0.0108714
1.02105	0.0111431
1.02105	0.0114149
1.02105	0.0116867
1.02104	0.0119585
1.02104	0.0122302
1.02104	0.012502
1.02103	0.0127738
1.02103	0.0130455
1.02103	0.0133173
1.02102	0.0135891
1.02102	0.0138608
1.02101	0.0141326
1.02101	0.0144044
1.02101	0.0146761
1.021	0.0149479
1.021	0.0152196
1.02099	0.0154914
1.02099	0.0157632
1.02099	0.0160349
1.02098	0.0163067
1.02098	0.0165784
1.02097	0.0168502
1.02097	0.0171219
1.02096	0.0173937
1.02096	0.0176654
1.02095	0.0179372
1.02095	0.0182089
1.02095	0.0184807
1.02094	0.0187524
1.02094	0.0190242
1.02093	0.0192959
1.02092	0.0195676
1.02092	0.0198394
1.02091	0.0201111
1.02091	0.0203829
1.0209	0.0206546
1.0209	0.0209263
1.02089	0.0211981
1.02089	0.0214698
1.02088	0.0217415
1.02087	0.0220132
1.02087	0.022285
1.02086	0.0225567
1.02086	0.0228284
1.02085	0.0231001
1.02084	0.0233719
1.02084	0.0236436
1.02083	0.0239153
1.02083	0.024187
1.02082	0.0244587
1.02081	0.0247304
1.02081	0.0250021
1.0208	0.0252738
1.02079	0.0255455
1.02079	0.0258172
1.02078	0.0260889
1.02077	0.0263606
1.02076	0.0266323
1.02076	0.026904
1.02075	0.0271757
1.02074	0.0274474
1.02074	0.0277191
1.02073	0.0279908
1.02072	0.0282625
1.02071	0.0285342
1.02071	0.0288059
1.0207	0.0290775
1.02069	0.0293492
1.02068	0.0296209
1.02067	0.0298926
1.02067	0.0301642
1.02066	0.0304359
1.02065	0.0307076
1.02064	0.0309792
1.02063	0.0312509
1.02063	0.0315226
1.02062	0.0317942
1.02061	0.0320659
1.0206	0.0323375
1.02059	0.0326092
1.02058	0.0328808
1.02057	0.0331525
1.02057	0.0334241
1.02056	0.0336958
1.02055	0.0339674
1.02054	0.0342391
1.02053	0.0345107
1.02052	0.0347823
1.02051	0.035054
1.0205	0.0353256
1.02049	0.0355972
1.02048	0.0358688
1.02047	0.0361404
1.02046	0.0364121
1.02045	0.0366837
1.02044	0.0369553
1.02043	0.0372269
1.02042	0.0374985
1.02041	0.0377701
1.0204	0.0380417
1.02039	0.0383133
1.02038	0.0385849
1.02037	0.0388565
1.02036	0.0391281
1.02035	0.0393997
1.02034	0.0396713
1.02033	0.0399429
1.02032	0.0402144
1.02031	0.040486
1.0203	0.0407576
1.02029	0.0410292
1.02028	0.0413007
1.02027	0.0415723
1.02025	0.0418439
1.02024	0.0421154
1.02023	0.042387
1.02022	0.0426585
1.02021	0.0429301
1.0202	0.0432016
1.02019	0.0434732
1.02017	0.0437447
1.02016	0.0440162
1.02015	0.0442878
1.02014	0.0445593
1.02013	0.0448308
1.02012	0.0451024
1.0201	0.0453739
1.02009	0.0456454
1.02008	0.0459169
1.02007	0.0461884
1.02005	0.04646
1.02004	0.0467315
1.02003	0.047003
1.02002	0.0472745
1.02	0.047546
1.01999	0.0478175
1.01998	0.0480889
1.01997	0.0483604
1.01995	0.0486319
1.01994	0.0489034
1.01993	0.0491749
1.01991	0.0494463
1.0199	0.0497178
1.01989	0.0499893
1.01987	0.0502607
1.01986	0.0505322
1.01985	0.0508036
1.01983	0.0510751
1.01982	0.0513465
1.01981	0.051618
1.01979	0.0518894
1.01978	0.0521609
1.01977	0.0524323
1.01975	0.0527037
1.01974	0.0529752
1.01972	0.0532466
1.01971	0.053518
1.01969	0.0537894
1.01968	0.0540608
1.01967	0.0543322
1.01965	0.0546036
1.01964	0.054875
1.01962	0.0551464
1.01961	0.0554178
1.01959	0.0556892
1.01958	0.0559606
1.01956	0.056232
1.01955	0.0565033
1.01953	0.0567747
1.01952	0.0570461
1.0195	0.0573174
1.01949	0.0575888
1.01947	0.0578601
1.01946	0.0581315
1.01944	0.0584028
1.01943	0.0586742
1.01941	0.0589455
1.01939	0.0592169
1.01938	0.0594882
1.01936	0.0597595
1.01935	0.0600308
1.01933	0.0603022
1.01931	0.0605735
1.0193	0.0608448
1.01928	0.0611161
1.01927	0.0613874
1.01925	0.0616587
1.01923	0.06193
1.01922	0.0622013
1.0192	0.0624725
1.01918	0.0627438
1.01917	0.0630151
1.01915	0.0632864
1.01913	0.0635576
1.01912	0.0638289
1.0191	0.0641001
1.01908	0.0643714
1.01906	0.0646426
1.01905	0.0649139
1.01903	0.0651851
1.01901	0.0654563
1.01899	0.0657276
1.01898	0.0659988
1.01896	0.06627
1.01894	0.0665412
1.01892	0.0668124
1.01891	0.0670836
1.01889	0.0673548
1.01887	0.067626
1.01885	0.0678972
1.01883	0.0681684
1.01882	0.0684396
1.0188	0.0687108
1.01878	0.0689819
1.01876	0.0692531
1.01874	0.0695243
1.01872	0.0697954
1.01871	0.0700666
1.01869	0.0703377
1.01867	0.0706089
1.01865	0.07088
1.01863	0.0711511
1.01861	0.0714223
1.01859	0.0716934
1.01857	0.0719645
1.01855	0.0722356
1.01853	0.0725067
1.01852	0.0727778
1.0185	0.0730489
1.01848	0.07332
1.01846	0.0735911
1.01844	0.0738622
1.01842	0.0741332
1.0184	0.0744043
1.01838	0.0746754
1.01836	0.0749464
1.01834	0.0752175
1.01832	0.0754885
1.0183	0.0757596
1.01828	0.0760306
1.01826	0.0763017
1.01824	0.0765727
1.01822	0.0768437
1.0182	0.0771147
1.01818	0.0773857
1.01816	0.0776567
1.01813	0.0779277
1.01811	0.0781987
1.01809	0.0784697
1.01807	0.0787407
1.01805	0.0790117
1.01803	0.0792826
1.01801	0.0795536
1.01799	0.0798246
1.01797	0.0800955
1.01794	0.0803665
1.01792	0.0806374
1.0179	0.0809084
1.01788	0.0811793
1.01786	0.0814502
1.01784	0.0817211
1.01782	0.0819921
1.01779	0.082263
1.01777	0.0825339
1.01775	0.0828048
1.01773	0.0830757
1.01771	0.0833465
1.01768	0.0836174
1.01766	0.0838883
1.01764	0.0841592
1.01762	0.08443
1.01759	0.0847009
1.01757	0.0849717
1.01755	0.0852426
1.01753	0.0855134
1.0175	0.0857842
1.01748	0.0860551
1.01746	0.0863259
1.01743	0.0865967
1.01741	0.0868675
1.01739	0.0871383
1.01736	0.0874091
1.01734	0.0876799
1.01732	0.0879507
1.01729	0.0882214
1.01727	0.0884922
1.01725	0.088763
1.01722	0.0890337
1.0172	0.0893045
1.01718	0.0895752
1.01715	0.089846
1.01713	0.0901167
1.0171	0.0903874
1.01708	0.0906582
1.01706	0.0909289
1.01703	0.0911996
1.01701	0.0914703
1.01698	0.091741
1.01696	0.0920117
1.01693	0.0922823
1.01691	0.092553
1.01688	0.0928237
1.01686	0.0930943
1.01683	0.093365
1.01681	0.0936356
1.01679	0.0939063
1.01676	0.0941769
1.01673	0.0944475
1.01671	0.0947182
1.01668	0.0949888
1.01666	0.0952594
1.01663	0.09553
1.01661	0.0958006
1.01658	0.0960712
1.01656	0.0963417
1.01653	0.0966123
1.01651	0.0968829
1.01648	0.0971534
1.01645	0.097424
1.01643	0.0976945
1.0164	0.0979651
1.01638	0.0982356
1.01635	0.0985061
1.01632	0.0987767
1.0163	0.0990472
1.01627	0.0993177
1.01624	0.0995882
1.01622	0.0998587
1.01619	0.100129
1.01616	0.1004
1.01614	0.10067
1.01611	0.100941
1.01608	0.101211
1.01606	0.101481
1.01603	0.101752
1.016	0.102022
1.01598	0.102293
1.01595	0.102563
1.01592	0.102834
1.01589	0.103104
1.01587	0.103374
1.01584	0.103645
1.01581	0.103915
1.01578	0.104186
1.01576	0.104456
1.01573	0.104726
1.0157	0.104997
1.01567	0.105267
1.01564	0.105537
1.01562	0.105808
1.01559	0.106078
1.01556	0.106348
1.01553	0.106619
1.0155	0.106889
1.01547	0.107159
1.01545	0.107429
1.01542	0.1077
1.01539	0.10797
1.01536	0.10824
1.01533	0.108511
1.0153	0.108781
1.01527	0.109051
1.01524	0.109321
1.01521	0.109591
1.01519	0.109862
1.01516	0.110132
1.01513	0.110402
1.0151	0.110672
1.01507	0.110942
1.01504	0.111213
1.01501	0.111483
1.01498	0.111753
1.01495	0.112023
1.01492	0.112293
1.01489	0.112563
1.01486	0.112834
1.01483	0.113104
1.0148	0.113374
1.01477	0.113644
1.01474	0.113914
1.01471	0.114184
1.01468	0.114454
1.01465	0.114724
1.01462	0.114994
1.01459	0.115264
1.01456	0.115534
1.01452	0.115804
1.01449	0.116074
1.01446	0.116344
1.01443	0.116614
1.0144	0.116884
1.01437	0.117154
1.01434	0.117424
1.01431	0.117694
1.01428	0.117964
1.01424	0.118234
1.01421	0.118504
1.01418	0.118774
1.01415	0.119044
1.01412	0.119314
1.01409	0.119584
1.01405	0.119854
1.01402	0.120124
1.01399	0.120394
1.01396	0.120664
1.01393	0.120934
1.01389	0.121203
1.01386	0.121473
1.01383	0.121743
1.0138	0.122013
1.01376	0.122283
1.01373	0.122553
1.0137	0.122823
1.01367	0.123092
1.01363	0.123362
1.0136	0.123632
1.01357	0.123902
1.01353	0.124171
1.0135	0.124441
1.01347	0.124711
1.01343	0.124981
1.0134	0.125251
1.01337	0.12552
1.01333	0.12579
1.0133	0.12606
1.01327	0.126329
1.01323	0.126599
1.0132	0.126869
1.01317	0.127138
1.01313	0.127408
1.0131	0.127678
1.01306	0.127947
1.01303	0.128217
1.013	0.128487
1.01296	0.128756
1.01293	0.129026
1.01289	0.129296
1.01286	0.129565
1.01282	0.129835
1.01279	0.130104
1.01276	0.130374
1.01272	0.130643
1.01269	0.130913
1.01265	0.131183
1.01262	0.131452
1.01258	0.131722
1.01255	0.131991
1.01251	0.132261
1.01248	0.13253
1.01244	0.1328
1.0124	0.133069
1.01237	0.133339
1.01233	0.133608
1.0123	0.133877
1.01226	0.134147
1.01223	0.134416
1.01219	0.134686
1.01215	0.134955
1.01212	0.135225
1.01208	0.135494
1.01205	0.135763
1.01201	0.136033
1.01197	0.136302
1.01194	0.136571
1.0119	0.136841
1.01187	0.13711
1.01183	0.137379
1.01179	0.137649
1.01176	0.137918
1.01172	0.138187
1.01168	0.138457
1.01164	0.138726
1.01161	0.138995
1.01157	0.139264
1.01153	0.139534
1.0115	0.139803
1.01146	0.140072
1.01142	0.140341
1.01138	0.140611
1.01135	0.14088
1.01131	0.141149
1.01127	0.141418
1.01123	0.141687
1.0112	0.141956
1.01116	0.142226
1.01112	0.142495
1.01108	0.142764
1.01104	0.143033
1.01101	0.143302
1.01097	0.143571
1.01093	0.14384
1.01089	0.144109
1.01085	0.144378
1.01082	0.144647
1.01078	0.144916
1.01074	0.145185
1.0107	0.145454
1.01066	0.145723
1.01062	0.145992
1.01058	0.146261
1.01054	0.14653
1.0105	0.146799
1.01047	0.147068
1.01043	0.147337
1.01039	0.147606
1.01035	0.147875
1.01031	0.148144
1.01027	0.148413
1.01023	0.148682
1.01019	0.148951
1.01015	0.14922
1.01011	0.149489
1.01007	0.149757
1.01003	0.150026
1.00999	0.150295
1.00995	0.150564
1.00991	0.150833
1.00987	0.151102
1.00983	0.15137
1.00979	0.151639
1.00975	0.151908
1.00971	0.152177
1.00967	0.152445
1.00963	0.152714
1.00959	0.152983
1.00955	0.153252
1.00951	0.15352
1.00946	0.153789
1.00942	0.154058
1.00938	0.154326
1.00934	0.154595
1.0093	0.154864
1.00926	0.155132
1.00922	0.155401
1.00918	0.15567
1.00914	0.155938
1.00909	0.156207
1.00905	0.156475
1.00901	0.156744
1.00897	0.157012
1.00893	0.157281
1.00888	0.15755
1.00884	0.157818
1.0088	0.158087
1.00876	0.158355
1.00872	0.158624
1.00867	0.158892
1.00863	0.159161
1.00859	0.159429
1.00855	0.159697
1.0085	0.159966
1.00846	0.160234
1.00842	0.160503
1.00838	0.160771
1.00833	0.16104
1.00829	0.161308
1.00825	0.161576
1.0082	0.161845
1.00816	0.162113
1.00812	0.162381
1.00808	0.16265
1.00803	0.162918
1.00799	0.163186
1.00794	0.163455
1.0079	0.163723
1.00786	0.163991
1.00781	0.164259
1.00777	0.164528
1.00773	0.164796
1.00768	0.165064
1.00764	0.165332
1.00759	0.165601
1.00755	0.165869
1.00751	0.166137
1.00746	0.166405
1.00742	0.166673
1.00737	0.166941
1.00733	0.167209
1.00728	0.167478
1.00724	0.167746
1.00719	0.168014
1.00715	0.168282
1.00711	0.16855
1.00706	0.168818
1.00702	0.169086
1.00697	0.169354
1.00693	0.169622
1.00688	0.16989
1.00683	0.170158
1.00679	0.170426
1.00674	0.170694
1.0067	0.170962
1.00665	0.17123
1.00661	0.171498
1.00656	0.171766
1.00652	0.172034
1.00647	0.172302
1.00642	0.172569
1.00638	0.172837
1.00633	0.173105
1.00629	0.173373
1.00624	0.173641
1.00619	0.173909
1.00615	0.174177
1.0061	0.174444
1.00605	0.174712
1.00601	0.17498
1.00596	0.175248
1.00591	0.175515
1.00587	0.175783
1.00582	0.176051
1.00577	0.176319
1.00573	0.176586
1.00568	0.176854
1.00563	0.177122
1.00559	0.177389
1.00554	0.177657
1.00549	0.177925
1.00544	0.178192
1.0054	0.17846
1.00535	0.178727
1.0053	0.178995
1.00525	0.179263
1.00521	0.17953
1.00516	0.179798
1.00511	0.180065
1.00506	0.180333
1.00501	0.1806
1.00497	0.180868
1.00492	0.181135
1.00487	0.181403
1.00482	0.18167
1.00477	0.181938
1.00472	0.182205
1.00468	0.182472
1.00463	0.18274
1.00458	0.183007
1.00453	0.183275
1.00448	0.183542
1.00443	0.183809
1.00438	0.184077
1.00433	0.184344
1.00429	0.184611
1.00424	0.184879
1.00419	0.185146
1.00414	0.185413
1.00409	0.185681
1.00404	0.185948
1.00399	0.186215
1.00394	0.186482
1.00389	0.186749
1.00384	0.187017
1.00379	0.187284
1.00374	0.187551
1.00369	0.187818
1.00364	0.188085
1.00359	0.188352
1.00354	0.18862
1.00349	0.188887
1.00344	0.189154
1.00339	0.189421
1.00334	0.189688
1.00329	0.189955
1.00324	0.190222
1.00319	0.190489
1.00314	0.190756
1.00309	0.191023
1.00303	0.19129
1.00298	0.191557
1.00293	0.191824
1.00288	0.192091
1.00283	0.192358
1.00278	0.192625
1.00273	0.192892
1.00268	0.193159
1.00263	0.193425
1.00257	0.193692
1.00252	0.193959
1.00247	0.194226
1.00242	0.194493
1.00237	0.19476
1.00231	0.195026
1.00226	0.195293
1.00221	0.19556
1.00216	0.195827
1.00211	0.196093
1.00205	0.19636
1.002	0.196627
1.00195	0.196894
1.0019	0.19716
1.00184	0.197427
1.00179	0.197694
1.00174	0.19796
1.00169	0.198227
1.00163	0.198493
1.00158	0.19876
1.00153	0.199027
1.00148	0.199293
1.00142	0.19956
1.00137	0.199826
1.00132	0.200093
1.00126	0.200359
1.00121	0.200626
1.00116	0.200892
1.0011	0.201159
1.00105	0.201425
1.00099	0.201692
1.00094	0.201958
1.00089	0.202224
1.00083	0.202491
1.00078	0.202757
1.00073	0.203024
1.00067	0.20329
1.00062	0.203556
1.00056	0.203823
1.00051	0.204089
1.00045	0.204355
1.0004	0.204622
1.00035	0.204888
1.00029	0.205154
1.00024	0.20542
1.00018	0.205687
1.00013	0.205953
1.00007	0.206219
1.00002	0.206485
0.999962	0.206751
0.999907	0.207017
0.999852	0.207284
0.999797	0.20755
0.999741	0.207816
0.999686	0.208082
0.999631	0.208348
0.999575	0.208614
0.99952	0.20888
0.999464	0.209146
0.999408	0.209412
0.999352	0.209678
0.999297	0.209944
0.999241	0.21021
0.999185	0.210476
0.999129	0.210742
0.999073	0.211008
0.999016	0.211274
0.99896	0.21154
0.998904	0.211806
0.998847	0.212072
0.998791	0.212337
0.998734	0.212603
0.998678	0.212869
0.998621	0.213135
0.998564	0.213401
0.998507	0.213666
0.99845	0.213932
0.998393	0.214198
0.998336	0.214464
0.998279	0.214729
0.998222	0.214995
0.998165	0.215261
0.998108	0.215527
0.99805	0.215792
0.997993	0.216058
0.997935	0.216323
0.997877	0.216589
0.99782	0.216855
0.997762	0.21712
0.997704	0.217386
0.997646	0.217651
0.997588	0.217917
0.99753	0.218182
0.997472	0.218448
0.997414	0.218713
0.997356	0.218979
0.997297	0.219244
0.997239	0.21951
0.997181	0.219775
0.997122	0.220041
0.997063	0.220306
0.997005	0.220571
0.996946	0.220837
0.996887	0.221102
0.996828	0.221367
0.996769	0.221633
0.99671	0.221898
0.996651	0.222163
0.996592	0.222429
0.996533	0.222694
0.996474	0.222959
0.996414	0.223224
0.996355	0.22349
0.996295	0.223755
0.996236	0.22402
0.996176	0.224285
0.996116	0.22455
0.996056	0.224815
0.995997	0.22508
0.995937	0.225346
0.995877	0.225611
0.995816	0.225876
0.995756	0.226141
0.995696	0.226406
0.995636	0.226671
0.995575	0.226936
0.995515	0.227201
0.995454	0.227466
0.995394	0.227731
0.995333	0.227996
0.995273	0.228261
0.995212	0.228525
0.995151	0.22879
0.99509	0.229055
0.995029	0.22932
0.994968	0.229585
0.994907	0.22985
0.994846	0.230115
0.994784	0.230379
0.994723	0.230644
0.994661	0.230909
0.9946	0.231174
0.994538	0.231438
0.994477	0.231703
0.994415	0.231968
0.994353	0.232232
0.994291	0.232497
0.994229	0.232762
0.994168	0.233026
0.994105	0.233291
0.994043	0.233556
0.993981	0.23382
0.993919	0.234085
0.993856	0.234349
0.993794	0.234614
0.993732	0.234878
0.993669	0.235143
0.993606	0.235407
0.993544	0.235672
0.993481	0.235936
0.993418	0.236201
0.993355	0.236465
0.993292	0.236729
0.993229	0.236994
0.993166	0.237258
0.993103	0.237522
0.99304	0.237787
0.992976	0.238051
0.992913	0.238315
0.992849	0.23858
0.992786	0.238844
0.992722	0.239108
0.992659	0.239372
0.992595	0.239637
0.992531	0.239901
0.992467	0.240165
0.992403	0.240429
0.992339	0.240693
0.992275	0.240957
0.992211	0.241221
0.992147	0.241486
0.992082	0.24175
0.992018	0.242014
0.991954	0.242278
0.991889	0.242542
0.991824	0.242806
0.99176	0.24307
0.991695	0.243334
0.99163	0.243598
0.991565	0.243862
0.9915	0.244125
0.991435	0.244389
0.99137	0.244653
0.991305	0.244917
0.99124	0.245181
0.991175	0.245445
0.991109	0.245709
0.991044	0.245972
0.990978	0.246236
0.990913	0.2465
0.990847	0.246764
0.990781	0.247027
0.990716	0.247291
0.99065	0.247555
0.990584	0.247818
0.990518	0.248082
0.990452	0.248346
0.990386	0.248609
0.990319	0.248873
0.990253	0.249137
0.990187	0.2494
0.99012	0.249664
0.990054	0.249927
0.989987	0.250191
0.989921	0.250454
0.989854	0.250718
0.989787	0.250981
0.98972	0.251245
0.989653	0.251508
0.989586	0.251771
0.989519	0.252035
0.989452	0.252298
0.989385	0.252562
0.989318	0.252825
0.989251	0.253088
0.989183	0.253352
0.989116	0.253615
0.989048	0.253878
0.988981	0.254141
0.988913	0.254405
0.988845	0.254668
0.988777	0.254931
0.988709	0.255194
0.988641	0.255457
0.988573	0.25572
0.988505	0.255984
0.988437	0.256247
0.988369	0.25651
0.988301	0.256773
0.988232	0.257036
0.988164	0.257299
0.988095	0.257562
0.988027	0.257825
0.987958	0.258088
0.987889	0.258351
0.98782	0.258614
0.987752	0.258877
0.987683	0.25914
0.987614	0.259402
0.987545	0.259665
0.987475	0.259928
0.987406	0.260191
0.987337	0.260454
0.987268	0.260717
0.987198	0.260979
0.987129	0.261242
0.987059	0.261505
0.986989	0.261768
0.98692	0.26203
0.98685	0.262293
0.98678	0.262556
0.98671	0.262818
0.98664	0.263081
0.98657	0.263343
0.9865	0.263606
0.98643	0.263869
0.986359	0.264131
0.986289	0.264394
0.986219	0.264656
0.986148	0.264919
0.986078	0.265181
0.986007	0.265444
0.985936	0.265706
0.985866	0.265968
0.985795	0.266231
0.985724	0.266493
0.985653	0.266756
0.985582	0.267018
0.985511	0.26728
0.98544	0.267543
0.985368	0.267805
0.985297	0.268067
0.985226	0.268329
