0.0169781	0.00934114	0.0165925	0.0165925
0.0192293	0.0106364	0.0165925	0.0165925
0.0213525	0.0118607	0.0165925	0.0165925
0.0233722	0.0130277	0.0165925	0.0165925
0.0253061	0.0141468	0.0165925	0.0165925
0.0271668	0.015225	0.0165925	0.0165925
0.0289643	0.0162678	0.0165925	0.0165925
0.0307062	0.0172793	0.0165925	0.0165925
0.0323988	0.0182632	0.0165925	0.0165925
0.0340471	0.019222	0.0165925	0.0165925
0.0356555	0.0201583	0.0165925	0.0165925
0.0372273	0.021074	0.0165925	0.0165925
0.0387658	0.0219707	0.0165925	0.0165925
0.0402736	0.0228501	0.0165925	0.0165925
0.0417528	0.0237133	0.0165925	0.0165925
0.0432056	0.0245614	0.0165925	0.0165925
0.0446337	0.0253955	0.0165925	0.0165925
0.0460386	0.0262164	0.0165925	0.0165925
0.0474218	0.027025	0.0165925	0.0165925
0.0487846	0.0278219	0.0165925	0.0165925
0.050128	0.0286078	0.0165925	0.0165925
0.0514531	0.0293832	0.0165925	0.0165925
0.0527609	0.0301487	0.0165925	0.0165925
0.0540522	0.0309048	0.0165925	0.0165925
0.0553277	0.0316519	0.0165925	0.0165925
0.0565883	0.0323904	0.0165925	0.0165925
0.0578345	0.0331208	0.0165925	0.0165925
0.0590671	0.0338433	0.0165925	0.0165925
0.0602865	0.0345582	0.0165925	0.0165925
0.0614933	0.0352659	0.0165925	0.0165925
0.0626879	0.0359667	0.0165925	0.0165925
0.063871	0.0366608	0.0165925	0.0165925
0.0650428	0.0373485	0.0165925	0.0165925
0.0662038	0.0380299	0.0165925	0.0165925
0.0673544	0.0387054	0.0165925	0.0165925
0.0684949	0.039375	0.0165925	0.0165925
0.0696256	0.0400391	0.0165925	0.0165925
0.0707469	0.0406977	0.0165925	0.0165925
0.0718591	0.0413511	0.0165925	0.0165925
0.0729624	0.0419994	0.0165925	0.0165925
0.0740572	0.0426428	0.0165925	0.0165925
0.0751436	0.0432813	0.0165925	0.0165925
0.076222	0.0439152	0.0165925	0.0165925
0.0772925	0.0445446	0.0165925	0.0165925
0.0783554	0.0451696	0.0165925	0.0165925
0.0794108	0.0457903	0.0165925	0.0165925
0.080459	0.0464068	0.0165925	0.0165925
0.0815002	0.0470193	0.0165925	0.0165925
0.0825345	0.0476278	0.0165925	0.0165925
0.0835621	0.0482324	0.0165925	0.0165925
0.0845832	0.0488333	0.0165925	0.0165925
0.0855979	0.0494305	0.0165925	0.0165925
0.0866064	0.0500241	0.0165925	0.0165925
0.0876088	0.0506142	0.0165925	0.0165925
0.0886053	0.0512009	0.0165925	0.0165925
0.089596	0.0517842	0.0165925	0.0165925
0.090581	0.0523642	0.0165925	0.0165925
0.0915605	0.0529411	0.0165925	0.0165925
0.0925345	0.0535147	0.0165925	0.0165925
0.0935033	0.0540854	0.0165925	0.0165925
0.0944668	0.054653	0.0165925	0.0165925
0.0954252	0.0552176	0.0165925	0.0165925
0.0963787	0.0557794	0.0165925	0.0165925
0.0973272	0.0563383	0.0165925	0.0165925
0.098271	0.0568945	0.0165925	0.0165925
0.09921	0.0574479	0.0165925	0.0165925
0.100144	0.0579987	0.0165925	0.0165925
0.101074	0.0585468	0.0165925	0.0165925
0.102	0.0590924	0.0165925	0.0165925
0.102921	0.0596354	0.0165925	0.0165925
0.103838	0.0601759	0.0165925	0.0165925
0.10475	0.060714	0.0165925	0.0165925
0.105659	0.0612497	0.0165925	0.0165925
0.106563	0.061783	0.0165925	0.0165925
0.107463	0.0623141	0.0165925	0.0165925
0.10836	0.0628428	0.0165925	0.0165925
0.109252	0.0633693	0.0165925	0.0165925
0.110141	0.0638936	0.0165925	0.0165925
0.111026	0.0644157	0.0165925	0.0165925
0.111907	0.0649357	0.0165925	0.0165925
0.112785	0.0654535	0.0165925	0.0165925
0.113659	0.0659693	0.0165925	0.0165925
0.11453	0.0664831	0.0165925	0.0165925
0.115397	0.0669949	0.0165925	0.0165925
0.116261	0.0675047	0.0165925	0.0165925
0.117121	0.0680125	0.0165925	0.0165925
0.117978	0.0685184	0.0165925	0.0165925
0.118832	0.0690224	0.0165925	0.0165925
0.119683	0.0695246	0.0165925	0.0165925
0.12053	0.0700249	0.0165925	0.0165925
0.121375	0.0705234	0.0165925	0.0165925
0.122216	0.0710201	0.0165925	0.0165925
0.123054	0.071515	0.0165925	0.0165925
0.12389	0.0720082	0.0165925	0.0165925
0.124722	0.0724997	0.0165925	0.0165925
0.125551	0.0729895	0.0165925	0.0165925
0.126378	0.0734776	0.0165925	0.0165925
0.127201	0.0739641	0.0165925	0.0165925
0.128022	0.074449	0.0165925	0.0165925
0.12884	0.0749322	0.0165925	0.0165925
0.129656	0.0754138	0.0165925	0.0165925
0.130469	0.0758939	0.0165925	0.0165925
0.131279	0.0763725	0.0165925	0.0165925
0.132086	0.0768495	0.0165925	0.0165925
0.132891	0.0773249	0.0165925	0.0165925
0.133693	0.0777989	0.0165925	0.0165925
0.134493	0.0782715	0.0165925	0.0165925
0.13529	0.0787425	0.0165925	0.0165925
0.136085	0.0792122	0.0165925	0.0165925
0.136877	0.0796804	0.0165925	0.0165925
0.137667	0.0801472	0.0165925	0.0165925
0.138454	0.0806126	0.0165925	0.0165925
0.139239	0.0810766	0.0165925	0.0165925
0.140022	0.0815393	0.0165925	0.0165925
0.140803	0.0820006	0.0165925	0.0165925
0.141581	0.0824606	0.0165925	0.0165925
0.142357	0.0829193	0.0165925	0.0165925
0.143131	0.0833767	0.0165925	0.0165925
0.143902	0.0838328	0.0165925	0.0165925
0.144671	0.0842876	0.0165925	0.0165925
0.145439	0.0847411	0.0165925	0.0165925
0.146204	0.0851935	0.0165925	0.0165925
0.146966	0.0856445	0.0165925	0.0165925
0.147727	0.0860944	0.0165925	0.0165925
0.148486	0.0865431	0.0165925	0.0165925
0.149243	0.0869905	0.0165925	0.0165925
0.149997	0.0874368	0.0165925	0.0165925
0.15075	0.0878819	0.0165925	0.0165925
0.151501	0.0883258	0.0165925	0.0165925
0.152249	0.0887686	0.0165925	0.0165925
0.152996	0.0892103	0.0165925	0.0165925
0.153741	0.0896508	0.0165925	0.0165925
0.154484	0.0900902	0.0165925	0.0165925
0.155225	0.0905285	0.0165925	0.0165925
0.155964	0.0909657	0.0165925	0.0165925
0.156701	0.0914019	0.0165925	0.0165925
0.157437	0.0918369	0.0165925	0.0165925
0.15817	0.0922709	0.0165925	0.0165925
0.158902	0.0927038	0.0165925	0.0165925
0.159632	0.0931357	0.0165925	0.0165925
0.16036	0.0935666	0.0165925	0.0165925
0.161087	0.0939964	0.0165925	0.0165925
0.161812	0.0944252	0.0165925	0.0165925
0.162535	0.094853	0.0165925	0.0165925
0.163256	0.0952798	0.0165925	0.0165925
0.163976	0.0957057	0.0165925	0.0165925
0.164694	0.0961305	0.0165925	0.0165925
0.16541	0.0965544	0.0165925	0.0165925
0.166124	0.0969773	0.0165925	0.0165925
0.166837	0.0973992	0.0165925	0.0165925
0.167549	0.0978202	0.0165925	0.0165925
0.168259	0.0982403	0.0165925	0.0165925
0.168967	0.0986594	0.0165925	0.0165925
0.169673	0.0990776	0.0165925	0.0165925
0.170378	0.0994949	0.0165925	0.0165925
0.171082	0.0999113	0.0165925	0.0165925
0.171784	0.100327	0.0165925	0.0165925
0.172484	0.100741	0.0165925	0.0165925
0.173183	0.101155	0.0165925	0.0165925
0.17388	0.101568	0.0165925	0.0165925
0.174576	0.10198	0.0165925	0.0165925
0.175271	0.102391	0.0165925	0.0165925
0.175963	0.102801	0.0165925	0.0165925
0.176655	0.10321	0.0165925	0.0165925
0.177345	0.103619	0.0165925	0.0165925
0.178034	0.104027	0.0165925	0.0165925
0.178721	0.104433	0.0165925	0.0165925
0.179406	0.104839	0.0165925	0.0165925
0.180091	0.105245	0.0165925	0.0165925
0.180774	0.105649	0.0165925	0.0165925
0.181455	0.106053	0.0165925	0.0165925
0.182136	0.106455	0.0165925	0.0165925
0.182814	0.106857	0.0165925	0.0165925
0.183492	0.107259	0.0165925	0.0165925
0.184168	0.107659	0.0165925	0.0165925
0.184843	0.108059	0.0165925	0.0165925
0.185516	0.108458	0.0165925	0.0165925
0.186189	0.108856	0.0165925	0.0165925
0.18686	0.109253	0.0165925	0.0165925
0.187529	0.10965	0.0165925	0.0165925
0.188197	0.110045	0.0165925	0.0165925
0.188865	0.11044	0.0165925	0.0165925
0.18953	0.110835	0.0165925	0.0165925
0.190195	0.111228	0.0165925	0.0165925
0.190858	0.111621	0.0165925	0.0165925
0.19152	0.112013	0.0165925	0.0165925
0.192181	0.112405	0.0165925	0.0165925
0.192841	0.112796	0.0165925	0.0165925
0.193499	0.113186	0.0165925	0.0165925
0.194156	0.113575	0.0165925	0.0165925
0.194812	0.113963	0.0165925	0.0165925
0.195467	0.114351	0.0165925	0.0165925
0.196121	0.114739	0.0165925	0.0165925
0.196773	0.115125	0.0165925	0.0165925
0.197424	0.115511	0.0165925	0.0165925
0.198075	0.115896	0.0165925	0.0165925
0.198724	0.116281	0.0165925	0.0165925
0.199371	0.116665	0.0165925	0.0165925
0.200018	0.117048	0.0165925	0.0165925
0.200664	0.11743	0.0165925	0.0165925
0.201308	0.117812	0.0165925	0.0165925
0.201952	0.118193	0.0165925	0.0165925
0.202594	0.118574	0.0165925	0.0165925
0.203235	0.118954	0.0165925	0.0165925
0.203875	0.119333	0.0165925	0.0165925
0.204514	0.119712	0.0165925	0.0165925
0.205152	0.12009	0.0165925	0.0165925
0.205789	0.120467	0.0165925	0.0165925
0.206425	0.120844	0.0165925	0.0165925
0.207059	0.12122	0.0165925	0.0165925
0.207693	0.121595	0.0165925	0.0165925
0.208326	0.12197	0.0165925	0.0165925
0.208957	0.122345	0.0165925	0.0165925
0.209588	0.122718	0.0165925	0.0165925
0.210217	0.123091	0.0165925	0.0165925
0.210846	0.123464	0.0165925	0.0165925
0.211473	0.123836	0.0165925	0.0165925
0.2121	0.124207	0.0165925	0.0165925
0.212725	0.124578	0.0165925	0.0165925
0.21335	0.124948	0.0165925	0.0165925
0.213973	0.125318	0.0165925	0.0165925
0.214596	0.125687	0.0165925	0.0165925
0.215217	0.126055	0.0165925	0.0165925
0.215838	0.126423	0.0165925	0.0165925
0.216457	0.12679	0.0165925	0.0165925
0.217076	0.127157	0.0165925	0.0165925
0.217694	0.127523	0.0165925	0.0165925
0.218311	0.127889	0.0165925	0.0165925
0.218926	0.128254	0.0165925	0.0165925
0.219541	0.128618	0.0165925	0.0165925
0.220155	0.128982	0.0165925	0.0165925
0.220768	0.129345	0.0165925	0.0165925
0.22138	0.129708	0.0165925	0.0165925
0.221991	0.130071	0.0165925	0.0165925
0.222602	0.130432	0.0165925	0.0165925
0.223211	0.130794	0.0165925	0.0165925
0.223819	0.131154	0.0165925	0.0165925
0.224427	0.131514	0.0165925	0.0165925
0.225034	0.131874	0.0165925	0.0165925
0.225639	0.132233	0.0165925	0.0165925
0.226244	0.132592	0.0165925	0.0165925
0.226848	0.13295	0.0165925	0.0165925
0.227451	0.133308	0.0165925	0.0165925
0.228054	0.133665	0.0165925	0.0165925
0.228655	0.134021	0.0165925	0.0165925
0.229255	0.134377	0.0165925	0.0165925
0.229855	0.134733	0.0165925	0.0165925
0.230454	0.135088	0.0165925	0.0165925
0.231052	0.135443	0.0165925	0.0165925
0.231649	0.135797	0.0165925	0.0165925
0.232245	0.13615	0.0165925	0.0165925
0.232841	0.136503	0.0165925	0.0165925
0.233435	0.136856	0.0165925	0.0165925
0.234029	0.137208	0.0165925	0.0165925
0.234622	0.13756	0.0165925	0.0165925
0.235214	0.137911	0.0165925	0.0165925
0.235806	0.138262	0.0165925	0.0165925
0.236396	0.138612	0.0165925	0.0165925
0.236986	0.138962	0.0165925	0.0165925
0.237575	0.139311	0.0165925	0.0165925
0.238163	0.13966	0.0165925	0.0165925
0.23875	0.140008	0.0165925	0.0165925
0.239337	0.140356	0.0165925	0.0165925
0.239923	0.140703	0.0165925	0.0165925
0.240508	0.14105	0.0165925	0.0165925
0.241092	0.141397	0.0165925	0.0165925
0.241675	0.141743	0.0165925	0.0165925
0.242258	0.142088	0.0165925	0.0165925
0.24284	0.142433	0.0165925	0.0165925
0.243421	0.142778	0.0165925	0.0165925
0.244002	0.143122	0.0165925	0.0165925
0.244581	0.143466	0.0165925	0.0165925
0.24516	0.14381	0.0165925	0.0165925
0.245738	0.144152	0.0165925	0.0165925
0.246316	0.144495	0.0165925	0.0165925
0.246892	0.144837	0.0165925	0.0165925
0.247468	0.145179	0.0165925	0.0165925
0.248043	0.14552	0.0165925	0.0165925
0.248618	0.145861	0.0165925	0.0165925
0.249192	0.146201	0.0165925	0.0165925
0.249765	0.146541	0.0165925	0.0165925
0.250337	0.14688	0.0165925	0.0165925
0.250909	0.147219	0.0165925	0.0165925
0.251479	0.147558	0.0165925	0.0165925
0.25205	0.147896	0.0165925	0.0165925
0.252619	0.148234	0.0165925	0.0165925
0.253188	0.148571	0.0165925	0.0165925
0.253756	0.148908	0.0165925	0.0165925
0.254323	0.149245	0.0165925	0.0165925
0.25489	0.149581	0.0165925	0.0165925
0.255456	0.149917	0.0165925	0.0165925
0.256021	0.150252	0.0165925	0.0165925
0.256586	0.150587	0.0165925	0.0165925
0.257149	0.150922	0.0165925	0.0165925
0.257713	0.151256	0.0165925	0.0165925
0.258275	0.151589	0.0165925	0.0165925
0.258837	0.151923	0.0165925	0.0165925
0.259398	0.152256	0.0165925	0.0165925
0.259959	0.152588	0.0165925	0.0165925
0.260519	0.152921	0.0165925	0.0165925
0.261078	0.153252	0.0165925	0.0165925
0.261636	0.153584	0.0165925	0.0165925
0.262194	0.153915	0.0165925	0.0165925
0.262752	0.154245	0.0165925	0.0165925
0.263308	0.154576	0.0165925	0.0165925
0.263864	0.154905	0.0165925	0.0165925
0.264419	0.155235	0.0165925	0.0165925
0.264974	0.155564	0.0165925	0.0165925
0.265528	0.155893	0.0165925	0.0165925
0.266081	0.156221	0.0165925	0.0165925
0.266634	0.156549	0.0165925	0.0165925
0.267186	0.156877	0.0165925	0.0165925
0.267738	0.157204	0.0165925	0.0165925
0.268289	0.157531	0.0165925	0.0165925
0.268839	0.157857	0.0165925	0.0165925
0.269388	0.158183	0.0165925	0.0165925
0.269937	0.158509	0.0165925	0.0165925
0.270486	0.158835	0.0165925	0.0165925
0.271034	0.15916	0.0165925	0.0165925
0.271581	0.159484	0.0165925	0.0165925
0.272127	0.159809	0.0165925	0.0165925
0.272673	0.160133	0.0165925	0.0165925
0.273219	0.160456	0.0165925	0.0165925
0.273763	0.160779	0.0165925	0.0165925
0.274308	0.161102	0.0165925	0.0165925
0.274851	0.161425	0.0165925	0.0165925
0.275394	0.161747	0.0165925	0.0165925
0.275936	0.162069	0.0165925	0.0165925
0.276478	0.162391	0.0165925	0.0165925
0.277019	0.162712	0.0165925	0.0165925
0.27756	0.163032	0.0165925	0.0165925
0.2781	0.163353	0.0165925	0.0165925
0.278639	0.163673	0.0165925	0.0165925
0.279178	0.163993	0.0165925	0.0165925
0.279717	0.164312	0.0165925	0.0165925
0.280254	0.164631	0.0165925	0.0165925
0.280791	0.16495	0.0165925	0.0165925
0.281328	0.165269	0.0165925	0.0165925
0.281864	0.165587	0.0165925	0.0165925
0.282399	0.165905	0.0165925	0.0165925
0.282934	0.166222	0.0165925	0.0165925
0.283469	0.166539	0.0165925	0.0165925
0.284002	0.166856	0.0165925	0.0165925
0.284536	0.167172	0.0165925	0.0165925
0.285068	0.167489	0.0165925	0.0165925
0.2856	0.167804	0.0165925	0.0165925
0.286132	0.16812	0.0165925	0.0165925
0.286663	0.168435	0.0165925	0.0165925
0.287193	0.16875	0.0165925	0.0165925
0.287723	0.169064	0.0165925	0.0165925
0.288253	0.169379	0.0165925	0.0165925
0.288781	0.169693	0.0165925	0.0165925
0.28931	0.170006	0.0165925	0.0165925
0.289838	0.170319	0.0165925	0.0165925
0.290365	0.170632	0.0165925	0.0165925
0.290891	0.170945	0.0165925	0.0165925
0.291418	0.171257	0.0165925	0.0165925
0.291943	0.171569	0.0165925	0.0165925
0.292468	0.171881	0.0165925	0.0165925
0.292993	0.172192	0.0165925	0.0165925
0.293517	0.172503	0.0165925	0.0165925
0.294041	0.172814	0.0165925	0.0165925
0.294564	0.173125	0.0165925	0.0165925
0.295086	0.173435	0.0165925	0.0165925
0.295608	0.173745	0.0165925	0.0165925
0.29613	0.174054	0.0165925	0.0165925
0.296651	0.174363	0.0165925	0.0165925
0.297171	0.174672	0.0165925	0.0165925
0.297691	0.174981	0.0165925	0.0165925
0.298211	0.175289	0.0165925	0.0165925
0.298729	0.175597	0.0165925	0.0165925
0.299248	0.175905	0.0165925	0.0165925
0.299766	0.176213	0.0165925	0.0165925
0.300283	0.17652	0.0165925	0.0165925
0.3008	0.176827	0.0165925	0.0165925
0.301317	0.177133	0.0165925	0.0165925
0.301833	0.17744	0.0165925	0.0165925
0.302348	0.177746	0.0165925	0.0165925
0.302863	0.178051	0.0165925	0.0165925
0.303378	0.178357	0.0165925	0.0165925
0.303892	0.178662	0.0165925	0.0165925
0.304405	0.178967	0.0165925	0.0165925
0.304918	0.179271	0.0165925	0.0165925
0.305431	0.179576	0.0165925	0.0165925
0.305943	0.17988	0.0165925	0.0165925
0.306454	0.180183	0.0165925	0.0165925
0.306966	0.180487	0.0165925	0.0165925
0.307476	0.18079	0.0165925	0.0165925
0.307986	0.181093	0.0165925	0.0165925
0.308496	0.181395	0.0165925	0.0165925
0.309005	0.181698	0.0165925	0.0165925
0.309514	0.182	0.0165925	0.0165925
0.310022	0.182301	0.0165925	0.0165925
0.31053	0.182603	0.0165925	0.0165925
0.311038	0.182904	0.0165925	0.0165925
0.311545	0.183205	0.0165925	0.0165925
0.312051	0.183506	0.0165925	0.0165925
0.312557	0.183806	0.0165925	0.0165925
0.313062	0.184106	0.0165925	0.0165925
0.313568	0.184406	0.0165925	0.0165925
0.314072	0.184706	0.0165925	0.0165925
0.314576	0.185005	0.0165925	0.0165925
0.31508	0.185304	0.0165925	0.0165925
0.315583	0.185603	0.0165925	0.0165925
0.316086	0.185901	0.0165925	0.0165925
0.316588	0.1862	0.0165925	0.0165925
0.31709	0.186498	0.0165925	0.0165925
0.317592	0.186795	0.0165925	0.0165925
0.318093	0.187093	0.0165925	0.0165925
0.318593	0.18739	0.0165925	0.0165925
0.319094	0.187687	0.0165925	0.0165925
0.319593	0.187984	0.0165925	0.0165925
0.320093	0.18828	0.0165925	0.0165925
0.320591	0.188576	0.0165925	0.0165925
0.32109	0.188872	0.0165925	0.0165925
0.321588	0.189168	0.0165925	0.0165925
0.322085	0.189463	0.0165925	0.0165925
0.322582	0.189758	0.0165925	0.0165925
0.323079	0.190053	0.0165925	0.0165925
0.323575	0.190348	0.0165925	0.0165925
0.324071	0.190642	0.0165925	0.0165925
0.324567	0.190936	0.0165925	0.0165925
0.325061	0.19123	0.0165925	0.0165925
0.325556	0.191524	0.0165925	0.0165925
0.32605	0.191817	0.0165925	0.0165925
0.326544	0.19211	0.0165925	0.0165925
0.327037	0.192403	0.0165925	0.0165925
0.32753	0.192696	0.0165925	0.0165925
0.328022	0.192988	0.0165925	0.0165925
0.328514	0.19328	0.0165925	0.0165925
0.329006	0.193572	0.0165925	0.0165925
0.329497	0.193864	0.0165925	0.0165925
0.329988	0.194155	0.0165925	0.0165925
0.330478	0.194447	0.0165925	0.0165925
0.330968	0.194738	0.0165925	0.0165925
0.331458	0.195028	0.0165925	0.0165925
0.331947	0.195319	0.0165925	0.0165925
0.332436	0.195609	0.0165925	0.0165925
0.332924	0.195899	0.0165925	0.0165925
0.333412	0.196189	0.0165925	0.0165925
0.3339	0.196478	0.0165925	0.0165925
0.334387	0.196767	0.0165925	0.0165925
0.334874	0.197056	0.0165925	0.0165925
0.33536	0.197345	0.0165925	0.0165925
0.335846	0.197634	0.0165925	0.0165925
0.336331	0.197922	0.0165925	0.0165925
0.336817	0.19821	0.0165925	0.0165925
0.337301	0.198498	0.0165925	0.0165925
0.337786	0.198785	0.0165925	0.0165925
0.33827	0.199073	0.0165925	0.0165925
0.338753	0.19936	0.0165925	0.0165925
0.339236	0.199647	0.0165925	0.0165925
0.339719	0.199934	0.0165925	0.0165925
0.340202	0.20022	0.0165925	0.0165925
0.340684	0.200506	0.0165925	0.0165925
0.341165	0.200792	0.0165925	0.0165925
0.341647	0.201078	0.0165925	0.0165925
0.342127	0.201364	0.0165925	0.0165925
0.342608	0.201649	0.0165925	0.0165925
0.343088	0.201934	0.0165925	0.0165925
0.343568	0.202219	0.0165925	0.0165925
0.344047	0.202504	0.0165925	0.0165925
0.344526	0.202788	0.0165925	0.0165925
0.345005	0.203072	0.0165925	0.0165925
0.345483	0.203356	0.0165925	0.0165925
0.345961	0.20364	0.0165925	0.0165925
0.346438	0.203923	0.0165925	0.0165925
0.346915	0.204207	0.0165925	0.0165925
0.347392	0.20449	0.0165925	0.0165925
0.347869	0.204773	0.0165925	0.0165925
0.348345	0.205055	0.0165925	0.0165925
0.34882	0.205338	0.0165925	0.0165925
0.349295	0.20562	0.0165925	0.0165925
0.34977	0.205902	0.0165925	0.0165925
0.350245	0.206184	0.0165925	0.0165925
0.350719	0.206465	0.0165925	0.0165925
0.351193	0.206747	0.0165925	0.0165925
0.351666	0.207028	0.0165925	0.0165925
0.352139	0.207309	0.0165925	0.0165925
0.352612	0.20759	0.0165925	0.0165925
0.353085	0.20787	0.0165925	0.0165925
0.353557	0.20815	0.0165925	0.0165925
0.354028	0.20843	0.0165925	0.0165925
0.354499	0.20871	0.0165925	0.0165925
0.35497	0.20899	0.0165925	0.0165925
0.355441	0.209269	0.0165925	0.0165925
0.355911	0.209549	0.0165925	0.0165925
0.356381	0.209828	0.0165925	0.0165925
0.356851	0.210106	0.0165925	0.0165925
0.35732	0.210385	0.0165925	0.0165925
0.357789	0.210663	0.0165925	0.0165925
0.358257	0.210942	0.0165925	0.0165925
0.358725	0.21122	0.0165925	0.0165925
0.359193	0.211497	0.0165925	0.0165925
0.359661	0.211775	0.0165925	0.0165925
0.360128	0.212052	0.0165925	0.0165925
0.360594	0.21233	0.0165925	0.0165925
0.361061	0.212607	0.0165925	0.0165925
0.361527	0.212883	0.0165925	0.0165925
0.361993	0.21316	0.0165925	0.0165925
0.362458	0.213436	0.0165925	0.0165925
0.362923	0.213712	0.0165925	0.0165925
0.363388	0.213988	0.0165925	0.0165925
0.363852	0.214264	0.0165925	0.0165925
0.364316	0.21454	0.0165925	0.0165925
0.36478	0.214815	0.0165925	0.0165925
0.365243	0.21509	0.0165925	0.0165925
0.365706	0.215365	0.0165925	0.0165925
0.366169	0.21564	0.0165925	0.0165925
0.366631	0.215915	0.0165925	0.0165925
0.367093	0.216189	0.0165925	0.0165925
0.367555	0.216463	0.0165925	0.0165925
0.368016	0.216737	0.0165925	0.0165925
0.368477	0.217011	0.0165925	0.0165925
0.368938	0.217284	0.0165925	0.0165925
0.369398	0.217558	0.0165925	0.0165925
0.369859	0.217831	0.0165925	0.0165925
0.370318	0.218104	0.0165925	0.0165925
0.370778	0.218377	0.0165925	0.0165925
0.371237	0.218649	0.0165925	0.0165925
0.371696	0.218922	0.0165925	0.0165925
0.372154	0.219194	0.0165925	0.0165925
0.372612	0.219466	0.0165925	0.0165925
0.37307	0.219738	0.0165925	0.0165925
0.373527	0.22001	0.0165925	0.0165925
0.373985	0.220281	0.0165925	0.0165925
0.374441	0.220552	0.0165925	0.0165925
0.374898	0.220824	0.0165925	0.0165925
0.375354	0.221094	0.0165925	0.0165925
0.37581	0.221365	0.0165925	0.0165925
0.376266	0.221636	0.0165925	0.0165925
0.376721	0.221906	0.0165925	0.0165925
0.377176	0.222176	0.0165925	0.0165925
0.37763	0.222446	0.0165925	0.0165925
0.378085	0.222716	0.0165925	0.0165925
0.378539	0.222986	0.0165925	0.0165925
0.378992	0.223255	0.0165925	0.0165925
0.379446	0.223524	0.0165925	0.0165925
0.379899	0.223793	0.0165925	0.0165925
0.380352	0.224062	0.0165925	0.0165925
0.380804	0.224331	0.0165925	0.0165925
0.381256	0.224599	0.0165925	0.0165925
0.381708	0.224868	0.0165925	0.0165925
0.38216	0.225136	0.0165925	0.0165925
0.382611	0.225404	0.0165925	0.0165925
0.383062	0.225671	0.0165925	0.0165925
0.383512	0.225939	0.0165925	0.0165925
0.383963	0.226206	0.0165925	0.0165925
0.384413	0.226474	0.0165925	0.0165925
0.384862	0.226741	0.0165925	0.0165925
0.385312	0.227008	0.0165925	0.0165925
0.385761	0.227274	0.0165925	0.0165925
0.38621	0.227541	0.0165925	0.0165925
0.386658	0.227807	0.0165925	0.0165925
0.387106	0.228073	0.0165925	0.0165925
0.387554	0.228339	0.0165925	0.0165925
0.388002	0.228605	0.0165925	0.0165925
0.388449	0.228871	0.0165925	0.0165925
0.388896	0.229136	0.0165925	0.0165925
0.389343	0.229402	0.0165925	0.0165925
0.38979	0.229667	0.0165925	0.0165925
0.390236	0.229932	0.0165925	0.0165925
0.390682	0.230196	0.0165925	0.0165925
0.391127	0.230461	0.0165925	0.0165925
0.391572	0.230725	0.0165925	0.0165925
0.392017	0.23099	0.0165925	0.0165925
0.392462	0.231254	0.0165925	0.0165925
0.392907	0.231518	0.0165925	0.0165925
0.393351	0.231781	0.0165925	0.0165925
0.393795	0.232045	0.0165925	0.0165925
0.394238	0.232308	0.0165925	0.0165925
0.394681	0.232571	0.0165925	0.0165925
0.395124	0.232835	0.0165925	0.0165925
0.395567	0.233097	0.0165925	0.0165925
0.396009	0.23336	0.0165925	0.0165925
0.396452	0.233623	0.0165925	0.0165925
0.396893	0.233885	0.0165925	0.0165925
0.397335	0.234147	0.0165925	0.0165925
0.397776	0.234409	0.0165925	0.0165925
0.398217	0.234671	0.0165925	0.0165925
0.398658	0.234933	0.0165925	0.0165925
0.399098	0.235194	0.0165925	0.0165925
0.399539	0.235456	0.0165925	0.0165925
0.399978	0.235717	0.0165925	0.0165925
0.400418	0.235978	0.0165925	0.0165925
0.400857	0.236239	0.0165925	0.0165925
0.401296	0.2365	0.0165925	0.0165925
0.401735	0.23676	0.0165925	0.0165925
0.402174	0.23702	0.0165925	0.0165925
0.402612	0.237281	0.0165925	0.0165925
0.40305	0.237541	0.0165925	0.0165925
0.403488	0.237801	0.0165925	0.0165925
0.403925	0.23806	0.0165925	0.0165925
0.404362	0.23832	0.0165925	0.0165925
0.404799	0.238579	0.0165925	0.0165925
0.405236	0.238839	0.0165925	0.0165925
0.405672	0.239098	0.0165925	0.0165925
0.406108	0.239357	0.0165925	0.0165925
0.406544	0.239615	0.0165925	0.0165925
0.406979	0.239874	0.0165925	0.0165925
0.407414	0.240132	0.0165925	0.0165925
0.407849	0.240391	0.0165925	0.0165925
0.408284	0.240649	0.0165925	0.0165925
0.408718	0.240907	0.0165925	0.0165925
0.409153	0.241164	0.0165925	0.0165925
0.409587	0.241422	0.0165925	0.0165925
0.41002	0.24168	0.0165925	0.0165925
0.410454	0.241937	0.0165925	0.0165925
0.410887	0.242194	0.0165925	0.0165925
0.41132	0.242451	0.0165925	0.0165925
0.411752	0.242708	0.0165925	0.0165925
0.412184	0.242965	0.0165925	0.0165925
0.412617	0.243221	0.0165925	0.0165925
0.413048	0.243478	0.0165925	0.0165925
0.41348	0.243734	0.0165925	0.0165925
0.413911	0.24399	0.0165925	0.0165925
0.414342	0.244246	0.0165925	0.0165925
0.414773	0.244502	0.0165925	0.0165925
0.415203	0.244757	0.0165925	0.0165925
0.415634	0.245013	0.0165925	0.0165925
0.416064	0.245268	0.0165925	0.0165925
0.416493	0.245523	0.0165925	0.0165925
0.416923	0.245778	0.0165925	0.0165925
0.417352	0.246033	0.0165925	0.0165925
0.417781	0.246288	0.0165925	0.0165925
0.41821	0.246542	0.0165925	0.0165925
0.418638	0.246797	0.0165925	0.0165925
0.419066	0.247051	0.0165925	0.0165925
0.419494	0.247305	0.0165925	0.0165925
0.419922	0.247559	0.0165925	0.0165925
0.42035	0.247813	0.0165925	0.0165925
0.420777	0.248066	0.0165925	0.0165925
0.421204	0.24832	0.0165925	0.0165925
0.42163	0.248573	0.0165925	0.0165925
0.422057	0.248826	0.0165925	0.0165925
0.422483	0.249079	0.0165925	0.0165925
0.422909	0.249332	0.0165925	0.0165925
0.423335	0.249585	0.0165925	0.0165925
0.42376	0.249837	0.0165925	0.0165925
0.424185	0.25009	0.0165925	0.0165925
0.42461	0.250342	0.0165925	0.0165925
0.425035	0.250594	0.0165925	0.0165925
0.42546	0.250846	0.0165925	0.0165925
0.425884	0.251098	0.0165925	0.0165925
0.426308	0.25135	0.0165925	0.0165925
0.426731	0.251602	0.0165925	0.0165925
0.427155	0.251853	0.0165925	0.0165925
0.427578	0.252104	0.0165925	0.0165925
0.428001	0.252355	0.0165925	0.0165925
0.428424	0.252606	0.0165925	0.0165925
0.428847	0.252857	0.0165925	0.0165925
0.429269	0.253108	0.0165925	0.0165925
0.429691	0.253358	0.0165925	0.0165925
0.430113	0.253609	0.0165925	0.0165925
0.430534	0.253859	0.0165925	0.0165925
0.430956	0.254109	0.0165925	0.0165925
0.431377	0.254359	0.0165925	0.0165925
0.431797	0.254609	0.0165925	0.0165925
0.432218	0.254859	0.0165925	0.0165925
0.432638	0.255108	0.0165925	0.0165925
0.433059	0.255358	0.0165925	0.0165925
0.433478	0.255607	0.0165925	0.0165925
0.433898	0.255856	0.0165925	0.0165925
0.434318	0.256105	0.0165925	0.0165925
0.434737	0.256354	0.0165925	0.0165925
0.435156	0.256603	0.0165925	0.0165925
0.435574	0.256851	0.0165925	0.0165925
0.435993	0.2571	0.0165925	0.0165925
0.436411	0.257348	0.0165925	0.0165925
0.436829	0.257596	0.0165925	0.0165925
0.437247	0.257844	0.0165925	0.0165925
0.437665	0.258092	0.0165925	0.0165925
0.438082	0.25834	0.0165925	0.0165925
0.438499	0.258587	0.0165925	0.0165925
0.438916	0.258835	0.0165925	0.0165925
0.439333	0.259082	0.0165925	0.0165925
0.439749	0.259329	0.0165925	0.0165925
0.440165	0.259576	0.0165925	0.0165925
0.440581	0.259823	0.0165925	0.0165925
0.440997	0.26007	0.0165925	0.0165925
0.441412	0.260317	0.0165925	0.0165925
0.441828	0.260563	0.0165925	0.0165925
0.442243	0.26081	0.0165925	0.0165925
0.442657	0.261056	0.0165925	0.0165925
0.443072	0.261302	0.0165925	0.0165925
0.443486	0.261548	0.0165925	0.0165925
0.443901	0.261794	0.0165925	0.0165925
0.444314	0.262039	0.0165925	0.0165925
0.444728	0.262285	0.0165925	0.0165925
0.445142	0.26253	0.0165925	0.0165925
0.445555	0.262776	0.0165925	0.0165925
0.445968	0.263021	0.0165925	0.0165925
0.446381	0.263266	0.0165925	0.0165925
0.446793	0.263511	0.0165925	0.0165925
0.447206	0.263756	0.0165925	0.0165925
0.447618	0.264	0.0165925	0.0165925
0.44803	0.264245	0.0165925	0.0165925
0.448441	0.264489	0.0165925	0.0165925
0.448853	0.264733	0.0165925	0.0165925
0.449264	0.264977	0.0165925	0.0165925
0.449675	0.265221	0.0165925	0.0165925
0.450086	0.265465	0.0165925	0.0165925
0.450496	0.265709	0.0165925	0.0165925
0.450907	0.265952	0.0165925	0.0165925
0.451317	0.266196	0.0165925	0.0165925
0.451727	0.266439	0.0165925	0.0165925
0.452137	0.266682	0.0165925	0.0165925
0.452546	0.266925	0.0165925	0.0165925
0.452955	0.267168	0.0165925	0.0165925
0.453365	0.267411	0.0165925	0.0165925
0.453773	0.267654	0.0165925	0.0165925
0.454182	0.267896	0.0165925	0.0165925
0.45459	0.268139	0.0165925	0.0165925
0.454999	0.268381	0.0165925	0.0165925
0.455407	0.268623	0.0165925	0.0165925
0.455815	0.268865	0.0165925	0.0165925
0.456222	0.269107	0.0165925	0.0165925
0.456629	0.269349	0.0165925	0.0165925
0.457037	0.26959	0.0165925	0.0165925
0.457444	0.269832	0.0165925	0.0165925
0.45785	0.270073	0.0165925	0.0165925
0.458257	0.270315	0.0165925	0.0165925
0.458663	0.270556	0.0165925	0.0165925
0.459069	0.270797	0.0165925	0.0165925
0.459475	0.271038	0.0165925	0.0165925
0.459881	0.271278	0.0165925	0.0165925
0.460286	0.271519	0.0165925	0.0165925
0.460692	0.271759	0.0165925	0.0165925
0.461097	0.272	0.0165925	0.0165925
0.461501	0.27224	0.0165925	0.0165925
0.461906	0.27248	0.0165925	0.0165925
0.462311	0.27272	0.0165925	0.0165925
0.462715	0.27296	0.0165925	0.0165925
0.463119	0.2732	0.0165925	0.0165925
0.463523	0.273439	0.0165925	0.0165925
0.463926	0.273679	0.0165925	0.0165925
0.46433	0.273918	0.0165925	0.0165925
0.464733	0.274158	0.0165925	0.0165925
0.465136	0.274397	0.0165925	0.0165925
0.465539	0.274636	0.0165925	0.0165925
0.465941	0.274875	0.0165925	0.0165925
0.466344	0.275113	0.0165925	0.0165925
0.466746	0.275352	0.0165925	0.0165925
0.467148	0.275591	0.0165925	0.0165925
0.46755	0.275829	0.0165925	0.0165925
0.467951	0.276067	0.0165925	0.0165925
0.468353	0.276305	0.0165925	0.0165925
0.468754	0.276544	0.0165925	0.0165925
0.469155	0.276781	0.0165925	0.0165925
0.469555	0.277019	0.0165925	0.0165925
0.469956	0.277257	0.0165925	0.0165925
0.470356	0.277494	0.0165925	0.0165925
0.470757	0.277732	0.0165925	0.0165925
0.471157	0.277969	0.0165925	0.0165925
0.471556	0.278206	0.0165925	0.0165925
0.471956	0.278444	0.0165925	0.0165925
0.472355	0.27868	0.0165925	0.0165925
0.472754	0.278917	0.0165925	0.0165925
0.473153	0.279154	0.0165925	0.0165925
0.473552	0.279391	0.0165925	0.0165925
0.473951	0.279627	0.0165925	0.0165925
0.474349	0.279864	0.0165925	0.0165925
0.474747	0.2801	0.0165925	0.0165925
0.475145	0.280336	0.0165925	0.0165925
0.475543	0.280572	0.0165925	0.0165925
0.475941	0.280808	0.0165925	0.0165925
0.476338	0.281044	0.0165925	0.0165925
0.476735	0.281279	0.0165925	0.0165925
0.477133	0.281515	0.0165925	0.0165925
0.477529	0.28175	0.0165925	0.0165925
0.477926	0.281986	0.0165925	0.0165925
0.478322	0.282221	0.0165925	0.0165925
0.478719	0.282456	0.0165925	0.0165925
0.479115	0.282691	0.0165925	0.0165925
0.479511	0.282926	0.0165925	0.0165925
0.479906	0.28316	0.0165925	0.0165925
0.480302	0.283395	0.0165925	0.0165925
0.480697	0.28363	0.0165925	0.0165925
0.481092	0.283864	0.0165925	0.0165925
0.481487	0.284098	0.0165925	0.0165925
0.481882	0.284332	0.0165925	0.0165925
0.482276	0.284566	0.0165925	0.0165925
0.482671	0.2848	0.0165925	0.0165925
0.483065	0.285034	0.0165925	0.0165925
0.483459	0.285268	0.0165925	0.0165925
0.483853	0.285501	0.0165925	0.0165925
0.484246	0.285735	0.0165925	0.0165925
0.48464	0.285968	0.0165925	0.0165925
0.485033	0.286202	0.0165925	0.0165925
0.485426	0.286435	0.0165925	0.0165925
0.485819	0.286668	0.0165925	0.0165925
0.486211	0.286901	0.0165925	0.0165925
0.486604	0.287133	0.0165925	0.0165925
0.486996	0.287366	0.0165925	0.0165925
0.487388	0.287599	0.0165925	0.0165925
0.48778	0.287831	0.0165925	0.0165925
0.488172	0.288063	0.0165925	0.0165925
0.488564	0.288296	0.0165925	0.0165925
0.488955	0.288528	0.0165925	0.0165925
0.489346	0.28876	0.0165925	0.0165925
0.489737	0.288992	0.0165925	0.0165925
0.490128	0.289224	0.0165925	0.0165925
0.490519	0.289455	0.0165925	0.0165925
0.490909	0.289687	0.0165925	0.0165925
0.491299	0.289918	0.0165925	0.0165925
0.491689	0.29015	0.0165925	0.0165925
0.492079	0.290381	0.0165925	0.0165925
0.492469	0.290612	0.0165925	0.0165925
0.492859	0.290843	0.0165925	0.0165925
0.493248	0.291074	0.0165925	0.0165925
0.493637	0.291305	0.0165925	0.0165925
0.494026	0.291535	0.0165925	0.0165925
0.494415	0.291766	0.0165925	0.0165925
0.494804	0.291996	0.0165925	0.0165925
0.495192	0.292227	0.0165925	0.0165925
0.49558	0.292457	0.0165925	0.0165925
0.495968	0.292687	0.0165925	0.0165925
0.496356	0.292917	0.0165925	0.0165925
0.496744	0.293147	0.0165925	0.0165925
0.497132	0.293377	0.0165925	0.0165925
0.497519	0.293607	0.0165925	0.0165925
0.497906	0.293836	0.0165925	0.0165925
0.498293	0.294066	0.0165925	0.0165925
0.49868	0.294295	0.0165925	0.0165925
0.499067	0.294525	0.0165925	0.0165925
0.499453	0.294754	0.0165925	0.0165925
0.49984	0.294983	0.0165925	0.0165925
0.500226	0.295212	0.0165925	0.0165925
0.500612	0.295441	0.0165925	0.0165925
0.500998	0.29567	0.0165925	0.0165925
0.501383	0.295898	0.0165925	0.0165925
0.501769	0.296127	0.0165925	0.0165925
0.502154	0.296355	0.0165925	0.0165925
0.502539	0.296583	0.0165925	0.0165925
0.502924	0.296812	0.0165925	0.0165925
0.503309	0.29704	0.0165925	0.0165925
0.503693	0.297268	0.0165925	0.0165925
0.504078	0.297496	0.0165925	0.0165925
0.504462	0.297724	0.0165925	0.0165925
0.504846	0.297951	0.0165925	0.0165925
0.50523	0.298179	0.0165925	0.0165925
0.505614	0.298406	0.0165925	0.0165925
0.505997	0.298634	0.0165925	0.0165925
0.506381	0.298861	0.0165925	0.0165925
0.506764	0.299088	0.0165925	0.0165925
0.507147	0.299315	0.0165925	0.0165925
0.50753	0.299542	0.0165925	0.0165925
0.507912	0.299769	0.0165925	0.0165925
0.508295	0.299996	0.0165925	0.0165925
0.508677	0.300223	0.0165925	0.0165925
0.509059	0.300449	0.0165925	0.0165925
0.509441	0.300676	0.0165925	0.0165925
0.509823	0.300902	0.0165925	0.0165925
0.510205	0.301128	0.0165925	0.0165925
0.510587	0.301355	0.0165925	0.0165925
0.510968	0.301581	0.0165925	0.0165925
0.511349	0.301807	0.0165925	0.0165925
0.51173	0.302032	0.0165925	0.0165925
0.512111	0.302258	0.0165925	0.0165925
0.512492	0.302484	0.0165925	0.0165925
0.512872	0.302709	0.0165925	0.0165925
0.513252	0.302935	0.0165925	0.0165925
0.513633	0.30316	0.0165925	0.0165925
0.514013	0.303385	0.0165925	0.0165925
0.514392	0.303611	0.0165925	0.0165925
0.514772	0.303836	0.0165925	0.0165925
0.515152	0.304061	0.0165925	0.0165925
0.515531	0.304285	0.0165925	0.0165925
0.51591	0.30451	0.0165925	0.0165925
0.516289	0.304735	0.0165925	0.0165925
0.516668	0.304959	0.0165925	0.0165925
0.517047	0.305184	0.0165925	0.0165925
0.517425	0.305408	0.0165925	0.0165925
0.517804	0.305632	0.0165925	0.0165925
0.518182	0.305856	0.0165925	0.0165925
0.51856	0.306081	0.0165925	0.0165925
0.518938	0.306304	0.0165925	0.0165925
0.519316	0.306528	0.0165925	0.0165925
0.519693	0.306752	0.0165925	0.0165925
0.52007	0.306976	0.0165925	0.0165925
0.520448	0.307199	0.0165925	0.0165925
0.520825	0.307423	0.0165925	0.0165925
0.521202	0.307646	0.0165925	0.0165925
0.521578	0.307869	0.0165925	0.0165925
0.521955	0.308093	0.0165925	0.0165925
0.522331	0.308316	0.0165925	0.0165925
0.522708	0.308539	0.0165925	0.0165925
0.523084	0.308761	0.0165925	0.0165925
0.52346	0.308984	0.0165925	0.0165925
0.523836	0.309207	0.0165925	0.0165925
0.524211	0.309429	0.0165925	0.0165925
0.524587	0.309652	0.0165925	0.0165925
0.524962	0.309874	0.0165925	0.0165925
0.525337	0.310097	0.0165925	0.0165925
0.525712	0.310319	0.0165925	0.0165925
0.526087	0.310541	0.0165925	0.0165925
0.526462	0.310763	0.0165925	0.0165925
0.526836	0.310985	0.0165925	0.0165925
0.52721	0.311207	0.0165925	0.0165925
0.527585	0.311428	0.0165925	0.0165925
0.527959	0.31165	0.0165925	0.0165925
0.528333	0.311871	0.0165925	0.0165925
0.528706	0.312093	0.0165925	0.0165925
0.52908	0.312314	0.0165925	0.0165925
0.529453	0.312535	0.0165925	0.0165925
0.529827	0.312757	0.0165925	0.0165925
0.5302	0.312978	0.0165925	0.0165925
0.530573	0.313199	0.0165925	0.0165925
0.530946	0.313419	0.0165925	0.0165925
0.531318	0.31364	0.0165925	0.0165925
0.531691	0.313861	0.0165925	0.0165925
0.532063	0.314081	0.0165925	0.0165925
0.532435	0.314302	0.0165925	0.0165925
0.532807	0.314522	0.0165925	0.0165925
0.533179	0.314743	0.0165925	0.0165925
0.533551	0.314963	0.0165925	0.0165925
0.533922	0.315183	0.0165925	0.0165925
0.534294	0.315403	0.0165925	0.0165925
0.534665	0.315623	0.0165925	0.0165925
0.535036	0.315843	0.0165925	0.0165925
0.535407	0.316062	0.0165925	0.0165925
0.535778	0.316282	0.0165925	0.0165925
0.536149	0.316501	0.0165925	0.0165925
0.536519	0.316721	0.0165925	0.0165925
0.53689	0.31694	0.0165925	0.0165925
0.53726	0.31716	0.0165925	0.0165925
0.53763	0.317379	0.0165925	0.0165925
0.538	0.317598	0.0165925	0.0165925
0.538369	0.317817	0.0165925	0.0165925
0.538739	0.318036	0.0165925	0.0165925
0.539109	0.318254	0.0165925	0.0165925
0.539478	0.318473	0.0165925	0.0165925
0.539847	0.318692	0.0165925	0.0165925
0.540216	0.31891	0.0165925	0.0165925
0.540585	0.319129	0.0165925	0.0165925
0.540954	0.319347	0.0165925	0.0165925
0.541322	0.319565	0.0165925	0.0165925
0.541691	0.319784	0.0165925	0.0165925
0.542059	0.320002	0.0165925	0.0165925
0.542427	0.32022	0.0165925	0.0165925
0.542795	0.320437	0.0165925	0.0165925
0.543163	0.320655	0.0165925	0.0165925
0.54353	0.320873	0.0165925	0.0165925
0.543898	0.321091	0.0165925	0.0165925
0.544265	0.321308	0.0165925	0.0165925
0.544633	0.321526	0.0165925	0.0165925
0.545	0.321743	0.0165925	0.0165925
0.545367	0.32196	0.0165925	0.0165925
0.545733	0.322177	0.0165925	0.0165925
0.5461	0.322394	0.0165925	0.0165925
0.546467	0.322611	0.0165925	0.0165925
0.546833	0.322828	0.0165925	0.0165925
0.547199	0.323045	0.0165925	0.0165925
0.547565	0.323262	0.0165925	0.0165925
0.547931	0.323479	0.0165925	0.0165925
0.548297	0.323695	0.0165925	0.0165925
0.548662	0.323912	0.0165925	0.0165925
0.549028	0.324128	0.0165925	0.0165925
0.549393	0.324344	0.0165925	0.0165925
0.549759	0.32456	0.0165925	0.0165925
0.550124	0.324776	0.0165925	0.0165925
0.550488	0.324992	0.0165925	0.0165925
0.550853	0.325208	0.0165925	0.0165925
0.551218	0.325424	0.0165925	0.0165925
0.551582	0.32564	0.0165925	0.0165925
0.551947	0.325856	0.0165925	0.0165925
0.552311	0.326071	0.0165925	0.0165925
0.552675	0.326287	0.0165925	0.0165925
0.553039	0.326502	0.0165925	0.0165925
0.553403	0.326717	0.0165925	0.0165925
0.553766	0.326933	0.0165925	0.0165925
0.55413	0.327148	0.0165925	0.0165925
0.554493	0.327363	0.0165925	0.0165925
0.554856	0.327578	0.0165925	0.0165925
0.555219	0.327793	0.0165925	0.0165925
0.555582	0.328007	0.0165925	0.0165925
0.555945	0.328222	0.0165925	0.0165925
0.556308	0.328437	0.0165925	0.0165925
0.55667	0.328651	0.0165925	0.0165925
0.557033	0.328866	0.0165925	0.0165925
0.557395	0.32908	0.0165925	0.0165925
0.557757	0.329294	0.0165925	0.0165925
0.558119	0.329509	0.0165925	0.0165925
0.558481	0.329723	0.0165925	0.0165925
0.558842	0.329937	0.0165925	0.0165925
0.559204	0.330151	0.0165925	0.0165925
0.559565	0.330365	0.0165925	0.0165925
0.559927	0.330578	0.0165925	0.0165925
0.560288	0.330792	0.0165925	0.0165925
0.560649	0.331006	0.0165925	0.0165925
0.56101	0.331219	0.0165925	0.0165925
0.56137	0.331432	0.0165925	0.0165925
0.561731	0.331646	0.0165925	0.0165925
0.562091	0.331859	0.0165925	0.0165925
0.562452	0.332072	0.0165925	0.0165925
0.562812	0.332285	0.0165925	0.0165925
0.563172	0.332498	0.0165925	0.0165925
0.563532	0.332711	0.0165925	0.0165925
0.563892	0.332924	0.0165925	0.0165925
